0.029890
0.080124035
0.078701908
0.065363584
0.047700465
0.033218437
0.073082697
0.033817296
0.075734588
0.076491591
0.039764105
0.072970924
0.031721425
0.095314072
0.062501276
0.032711800
0.073595935
0.035715099
0.091418836
0.060092165
0.068300842
0.036724728
0.059845940
0.121245173
0.056311472
0.049158712
0.080954765
0.036481579
0.033822269
0.106499368
0.050843380
0.043074274
0.068978235
0.028950717
0.073145765
0.027155593
0.071293788
0.026194252
0.077029411
0.030870371
0.080920280
0.074597074
0.027694780
0.080806210
0.030445436
0.086809753
0.068668938
0.032396321
0.076432735
0.029938115
0.072300338
0.031960916
0.083790557
0.073698755
0.032301044
0.078832376
0.027942926
0.075382020
0.028934730
0.071221552
0.027578603
0.077339123
0.028008953
0.075340167
0.077059061
0.041235018
0.073095516
0.027399304
0.070211997
0.025057979
0.076241886
0.026375471
0.076996319
0.026921645
0.075829895
0.026261528
0.069425838
0.028712822
0.076196306
0.026353169
0.070209188
0.025783435
0.075511111
0.027086275
0.073789031
0.025169863
0.076091161
0.047253290
0.070162918
0.074628234
0.030883932
0.074541768
0.031503504
0.080074425
0.075094472
0.038634044
0.070134874
0.028106485
0.079100598
0.027097624