0.037281
0.032189036
0.060106268
0.011378527
0.025164974
0.068090683
0.007313235
0.017348060
0.030869333
0.048707431
0.001614648
0.000332242
0.001937136
0.000085693
0.003307451
0.004290792
0.003667444
0.021394369
0.063968012
0.040947889
0.034713835
0.026562786
0.002630351
0.002608094
0.022238192
0.000246644
0.032725964
0.037528470
0.003081673
0.023757875
0.000179278
0.001794945
0.077876539
0.041946898
0.003912557
0.010032015
0.001837092
0.047559793
0.020882982
0.083973510
0.009169856
0.019022142
0.010418159
0.033155775
0.001949484
0.003966396
0.016375576
0.006018092
0.080308096
0.046853185
0.013415689
0.055261447
0.016771080
0.029525194
0.040727999
0.007784219
0.034997148
0.052157186
0.016608166
0.072381132
0.013547994
0.016706556
0.067167061
0.039774720
0.027599185
0.049018444
0.001945286
0.080065681
0.021745355
0.043471476
0.008665080
0.068345897
0.025864350
0.050069643
0.048788234
0.069480786
0.062940154
0.006058215
0.002648040
0.002018879
0.026392115
0.083875224
0.035667663
0.054771066
0.039348618
0.060708154
0.018874525
0.073094611
0.013755128
0.009305885
0.021102584
0.058024081
0.020655026
0.016917761
0.006661916
0.064212198
0.030582817
0.080209921
0.016948986
0.002574578