0.111492
0.200550763
0.305096241
0.332561463
0.396508594
0.435272349
0.525624833
0.609843998
0.632106211
0.636540758
0.719890632
0.793715239
0.828371792
0.891687387
0.892292428
0.937287169
1.040209941
1.138834607
1.212886529
1.341356405
1.430460639
1.509048050
1.540348612
1.542671843
1.692559211
1.726919897
1.727556250
1.738314685
1.805983037
1.834291983
1.901014250
1.913150464
1.923508706
1.936400351
2.031240518
2.109146009
2.203069921
2.233288371
2.242087078
2.298838790
2.392980509
2.457108409
2.529914567
2.598588372
2.715450968
2.817545345
2.828137456
2.936112546
3.022812308
3.115474388
3.215903698
3.300277175
3.313156529
3.335822293
3.426198644
3.427541394
3.431760595
3.525344728
3.545855586
3.623968226
3.637769488
3.715615546
3.798226783
3.828286579
3.927891282
4.004564033
4.006328909
4.104115204
4.211220202
4.223146532
4.224156468
4.345987490
4.423362171
4.509031779
4.513978970
4.624411526
4.703533677
4.727375116
4.835743928
4.897075908
4.898080923
4.994739806
5.094405006
5.105913311
5.124627682
5.204211329
5.222438163
5.297060364
5.312735792
5.396675310
5.497497006
5.535137915
5.597923026
5.631759013
5.635142357
5.644153719
5.742636091
5.791811764
5.895682434
5.996185865